% whichone  n            nnz       timetaken        gflop/sec
1      1000000        4999994       1.67613029479980469E-02       5.96611613728656454E-01
2      1000000        4999994       1.25870704650878906E-02       7.94465084448081282E-01
1      2000000        9999994       3.36809158325195313E-02       5.93807724809242043E-01
2      2000000        9999994       2.55718231201171875E-02       7.82110368355635077E-01
1      3000000       14999994       5.05051612854003906E-02       5.93998459493528030E-01
2      3000000       14999994       3.82881164550781250E-02       7.83532614752615375E-01
1      4000000       19999994       6.70549869537353516E-02       5.96525177576994081E-01
2      4000000       19999994       5.15446662902832031E-02       7.76025743861309736E-01
1      5000000       24999994       8.36818218231201172E-02       5.97501188557844065E-01
2      5000000       24999994       6.31811618804931641E-02       7.91374936956283248E-01
1      6000000       29999994       1.00887060165405273E-01       5.94724317485606835E-01
2      6000000       29999994       7.62858390808105469E-02       7.86515409975909963E-01
1      7000000       34999994       1.21148347854614258E-01       5.77803901081708871E-01
2      7000000       34999994       8.90059471130371094E-02       7.86464166389919561E-01
1      8000000       39999994       1.35555267333984375E-01       5.90165100725256853E-01
2      8000000       39999994       1.04036092758178711E-01       7.68963788230223377E-01
1      9000000       44999994       1.52306079864501953E-01       5.90915267992373483E-01
2      9000000       44999994       1.15347862243652344E-01       7.80248426363469583E-01
1     10000000       49999994       1.69013023376464844E-01       5.91670310383460407E-01
2     10000000       49999994       1.32632017135620117E-01       7.53965672540040655E-01
1     11000000       54999994       1.86892032623291016E-01       5.88575052965053414E-01
2     11000000       54999994       1.43646001815795898E-01       7.65771317053837830E-01
1     12000000       59999994       2.06061124801635742E-01       5.82351416918245546E-01
2     12000000       59999994       1.52882099151611328E-01       7.84918500373267825E-01
1     13000000       64999994       2.19782114028930664E-01       5.91494847405497626E-01
2     13000000       64999994       1.66420936584472656E-01       7.81151642744265295E-01
1     14000000       69999994       2.41238832473754883E-01       5.80337695073329662E-01
2     14000000       69999994       1.82266950607299805E-01       7.68104077747120750E-01
1     15000000       74999994       2.54266977310180664E-01       5.89931062172555754E-01
2     15000000       74999994       1.96313142776489258E-01       7.64085307170601746E-01
1     16000000       79999994       2.72183895111083984E-01       5.87837821685594730E-01
2     16000000       79999994       2.13517904281616211E-01       7.49351622470827761E-01
1     17000000       84999994       2.92258977890014648E-01       5.81675845263428748E-01
2     17000000       84999994       2.21204757690429688E-01       7.68518678237068431E-01
1     18000000       89999994       3.03565025329589844E-01       5.92953644131330670E-01
2     18000000       89999994       2.35633134841918945E-01       7.63899305251606542E-01
1     19000000       94999994       3.31622838973999023E-01       5.72939995893639309E-01
2     19000000       94999994       2.49543905258178711E-01       7.61389014103251993E-01
1     20000000       99999994       3.40627908706665039E-01       5.87150914202488106E-01
2     20000000       99999994       2.60971069335937500E-01       7.66368427385137219E-01
% whichone  n            nnz       timetaken        gflop/sec
1      1000000        8999980       2.94930934906005859E-02       6.10311020976370910E-01
2      1000000        8999980       2.09138393402099609E-02       8.60672194482837383E-01
1      2000000       17999980       5.90589046478271484E-02       6.09560238454650904E-01
2      2000000       17999980       4.06463146209716797E-02       8.85688169658206514E-01
1      3000000       26999980       9.03007984161376953E-02       5.98000914135324524E-01
2      3000000       26999980       6.19640350341796875E-02       8.71472620693816147E-01
1      4000000       35999980       1.18046045303344727E-01       6.09931148603755413E-01
2      4000000       35999980       8.16009044647216797E-02       8.82342670982618427E-01
1      5000000       44999980       1.48147344589233398E-01       6.07503025110183059E-01
2      5000000       44999980       1.03434085845947266E-01       8.70118967687733114E-01
1      6000000       53999980       1.77498102188110352E-01       6.08456984433236037E-01
2      6000000       53999980       1.27894878387451172E-01       8.44443197113957100E-01
1      7000000       62999980       2.08490848541259766E-01       6.04342880666366322E-01
2      7000000       62999980       1.48062944412231445E-01       8.50989155322992241E-01
1      8000000       71999980       2.41896867752075195E-01       5.95294851637303446E-01
2      8000000       71999980       1.69839859008789063E-01       8.47857274731652621E-01
1      9000000       80999980       2.72192001342773438E-01       5.95167966732395692E-01
2      9000000       80999980       2.06293821334838867E-01       7.85287503773829609E-01
1     10000000       89999980       3.14509868621826172E-01       5.72318957076784374E-01
2     10000000       89999980       2.27097034454345703E-01       7.92612551865736426E-01
1     11000000       98999980       3.33122968673706055E-01       5.94374986475162403E-01
2     11000000       98999980       2.37787723541259766E-01       8.32675283026728774E-01
1     12000000      107999980       3.67958068847656250E-01       5.87023300444131202E-01
2     12000000      107999980       2.75536775588989258E-01       7.83924249451918187E-01
1     13000000      116999980       4.01439189910888672E-01       5.82902631035956520E-01
2     13000000      116999980       2.86790132522583008E-01       8.15927514457192471E-01
1     14000000      125999980       4.40521955490112305E-01       5.72048582049972887E-01
2     14000000      125999980       3.18480968475341797E-01       7.91255946018987855E-01
1     15000000      134999980       4.68117952346801758E-01       5.76777623345606116E-01
2     15000000      134999980       3.41020822525024414E-01       7.91740392861750242E-01
1     16000000      143999980       5.02129793167114258E-01       5.73556805270366565E-01
2     16000000      143999980       3.63829135894775391E-01       7.91580254538200911E-01
1     17000000      152999980       5.29626846313476563E-01       5.77765198516549838E-01
2     17000000      152999980       3.86012792587280273E-01       7.92719738506622695E-01
1     18000000      161999980       5.65044164657592773E-01       5.73406434869278780E-01
2     18000000      161999980       4.13758993148803711E-01       7.83064453860649157E-01
1     19000000      170999980       6.04413986206054688E-01       5.65837270157753425E-01
2     19000000      170999980       4.38364982604980469E-01       7.80171714372959180E-01
1     20000000      179999980       1.24936509132385254E+00       2.88146325281536997E-01
2     20000000      179999980       7.88168907165527344E-01       4.56754836085400906E-01
% whichone  n            nnz       timetaken        gflop/sec
1      1000000       18999910       7.35480785369873047E-02       5.16666386884463646E-01
2      1000000       18999910       3.90219688415527344E-02       9.73805810626749091E-01
1      2000000       37999910       1.23782157897949219E-01       6.13980409540583305E-01
2      2000000       37999910       8.01599025726318359E-02       9.48102699240902513E-01
1      3000000       56999910       1.87116861343383789E-01       6.09243972892402730E-01
2      3000000       56999910       1.18463039398193359E-01       9.62323949977418658E-01
1      4000000       75999910       2.49564170837402344E-01       6.09061066297981957E-01
2      4000000       75999910       1.54401779174804688E-01       9.84443448853751124E-01
1      5000000       94999910       3.11722993850708008E-01       6.09514933925585534E-01
2      5000000       94999910       2.06217050552368164E-01       9.21358440008093194E-01
1      6000000      113999910       3.72277021408081055E-01       6.12446664415723152E-01
2      6000000      113999910       2.31963872909545898E-01       9.82910903927303958E-01
1      7000000      132999910       4.50228929519653320E-01       5.90810146926350810E-01
2      7000000      132999910       3.01959991455078125E-01       8.80910807813332974E-01
1      8000000      151999910       5.01657962799072266E-01       6.05990221512262228E-01
2      8000000      151999910       3.18425178527832031E-01       9.54697808149077787E-01
1      9000000      170999910       5.63810110092163086E-01       6.06586887815997233E-01
2      9000000      170999910       3.57110023498535156E-01       9.57687540241790147E-01
1     10000000      189999910       6.26235961914062500E-01       6.06799741807460880E-01
2     10000000      189999910       4.07091856002807617E-01       9.33449820714122303E-01
1     11000000      208999910       9.18540000915527344E-01       4.55069805978369102E-01
2     11000000      208999910       4.54391241073608398E-01       9.19911702110223550E-01
1     12000000      227999910       7.51938819885253906E-01       6.06432076574508816E-01
2     12000000      227999910       4.37280893325805664E-01       1.04280755678992687E+00
1     13000000      246999910       8.30690145492553711E-01       5.94686024242029765E-01
2     13000000      246999910       4.93391990661621094E-01       1.00123194001905835E+00
1     14000000      265999910       8.78990173339843750E-01       6.05239780984801801E-01
2     14000000      265999910       5.13309955596923828E-01       1.03641048493077026E+00
1     15000000      284999910       9.39764022827148438E-01       6.06535051517758106E-01
2     15000000      284999910       5.40889739990234375E-01       1.05381888000000012E+00
1     16000000      303999910       1.00281810760498047E+00       6.06291226084937240E-01
2     16000000      303999910       5.78457117080688477E-01       1.05107155231904725E+00
1     17000000      322999910       1.06636524200439453E+00       6.05796020494578147E-01
2     17000000      322999910       6.27700090408325195E-01       1.02915361949330086E+00
1     18000000      341999910       1.13064670562744141E+00       6.04963351147271955E-01
2     18000000      341999910       6.65231943130493164E-01       1.02821253107778876E+00
1     19000000      360999910       1.19808697700500488E+00       6.02627216435375757E-01
2     19000000      360999910       6.98840141296386719E-01       1.03314016659182006E+00
1     20000000      379999910       1.25743794441223145E+00       6.04403440644738388E-01
2     20000000      379999910       7.36696004867553711E-01       1.03163287839009787E+00
% whichone  n            nnz       timetaken        gflop/sec
1      1000000       44999494       1.50256156921386719E-01       5.98970383936326956E-01
2      1000000       44999494       8.35890769958496094E-02       1.07668359592568130E+00
1      2000000       89999494       3.00463914871215820E-01       5.99070234697403725E-01
2      2000000       89999494       1.64236783981323242E-01       1.09597243465549843E+00
1      3000000      134999494       4.54256772994995117E-01       5.94375260978166620E-01
2      3000000      134999494       2.62778282165527344E-01       1.02747832041128961E+00
1      4000000      179999494       6.08559131622314453E-01       5.91559586067346266E-01
2      4000000      179999494       3.64702224731445313E-01       9.87103898982495620E-01
1      5000000      224999494       7.64420747756958008E-01       5.88679715092026656E-01
2      5000000      224999494       4.66762781143188477E-01       9.64084983163972953E-01
1      6000000      269999494       9.18426036834716797E-01       5.87961323332104269E-01
2      6000000      269999494       5.68785905838012695E-01       9.49388834106921320E-01
1      7000000      314999494       1.07316923141479492E+00       5.87045332234741202E-01
2      7000000      314999494       6.66399955749511719E-01       9.45376695428241987E-01
1      8000000      359999494       1.22817802429199219E+00       5.86233407339345480E-01
2      8000000      359999494       7.65217065811157227E-01       9.40908168634184361E-01
1      9000000      404999494       1.52887678146362305E+00       5.29800045249279372E-01
2      9000000      404999494       8.41181039810180664E-01       9.62930629276645189E-01
1     10000000      449999494       1.56297326087951660E+00       5.75824942452024091E-01
2     10000000      449999494       8.19486141204833984E-01       1.09824796631312593E+00
1     11000000      494999494       1.69360303878784180E+00       5.84551967212204260E-01
2     11000000      494999494       8.99086952209472656E-01       1.10111595498868553E+00
1     12000000      539999494       1.84212899208068848E+00       5.86277612828914330E-01
2     12000000      539999494       9.96280908584594727E-01       1.08403059688691883E+00
1     13000000      584999494       2.03306007385253906E+00       5.75486677962700477E-01
2     13000000      584999494       1.12084507942199707E+00       1.04385432873858974E+00
1     14000000      629999494       2.15452694892883301E+00       5.84814679912188717E-01
2     14000000      629999494       1.19409275054931641E+00       1.05519356634596839E+00
1     15000000      674999494       2.31605911254882813E+00       5.82886240116005983E-01
2     15000000      674999494       1.27463912963867188E+00       1.05912250503614369E+00
1     16000000      719999494       2.46940016746520996E+00       5.83137154914073919E-01
2     16000000      719999494       1.36679410934448242E+00       1.05355955088994846E+00
1     17000000      764999494       2.62768793106079102E+00       5.82260537834240921E-01
2     17000000      764999494       1.41666579246520996E+00       1.07999995209708088E+00
1     18000000      809999494       2.77723503112792969E+00       5.83313608622480717E-01
2     18000000      809999494       1.53477191925048828E+00       1.05553077149804309E+00
1     19000000      854999494       2.92852115631103516E+00       5.83912116979216744E-01
2     19000000      854999494       1.60606694221496582E+00       1.06471215056683688E+00
1     20000000      899999494       3.08467793464660645E+00       5.83528986213666223E-01
2     20000000      899999494       1.64766883850097656E+00       1.09245192112609901E+00
% whichone  n            nnz       timetaken        gflop/sec
1      1000000        4999994       1.90730094909667969E-02       5.24300478366359179E-01
2      1000000        4999994       1.56540870666503906E-02       6.38810040944774560E-01
1      2000000        9999994       3.80599498748779297E-02       5.25486451394443610E-01
2      2000000        9999994       3.16038131713867188E-02       6.32834648513473597E-01
1      3000000       14999994       5.77571392059326172E-02       5.19416100112494949E-01
2      3000000       14999994       4.74948883056640625E-02       6.31646669151600393E-01
1      4000000       19999994       6.76369667053222656E-02       5.91392398986048118E-01
2      4000000       19999994       5.51199913024902344E-02       7.25689301736026637E-01
1      5000000       24999994       8.43799114227294922E-02       5.92557957894839227E-01
2      5000000       24999994       6.96868896484375000E-02       7.17494901153492459E-01
1      6000000       29999994       1.07229948043823242E-01       5.59545062686022443E-01
2      6000000       29999994       8.83069038391113281E-02       6.79448439380408553E-01
1      7000000       34999994       1.28293037414550781E-01       5.45625775261758039E-01
2      7000000       34999994       1.06013059616088867E-01       6.60295894236945347E-01
1      8000000       39999994       1.51214122772216797E-01       5.29051033946802307E-01
2      8000000       39999994       1.25102043151855469E-01       6.39477869301397384E-01
1      9000000       44999994       1.61247014999389648E-01       5.58149792728508287E-01
2      9000000       44999994       1.21022939682006836E-01       7.43660567463317101E-01
1     10000000       49999994       1.71018123626708984E-01       5.84733277849987965E-01
2     10000000       49999994       1.46767854690551758E-01       6.81348025498103471E-01
1     11000000       54999994       2.06938982009887695E-01       5.31557596986459213E-01
2     11000000       54999994       1.65973901748657227E-01       6.62754727346101746E-01
1     12000000       59999994       2.27998971939086914E-01       5.26318110031038455E-01
2     12000000       59999994       1.85974121093750000E-01       6.45251002097801174E-01
1     13000000       64999994       2.20372915267944336E-01       5.89909099500440903E-01
2     13000000       64999994       1.75948143005371094E-01       7.38853992883752975E-01
1     14000000       69999994       2.50082969665527344E-01       5.59814161625010076E-01
2     14000000       69999994       2.04825878143310547E-01       6.83507324704577646E-01
1     15000000       74999994       2.74892807006835938E-01       5.45667198910264162E-01
2     15000000       74999994       2.29598045349121094E-01       6.53315614128655797E-01
1     16000000       79999994       3.37973117828369141E-01       4.73410397335955691E-01
2     16000000       79999994       2.67677783966064453E-01       5.97733534809464895E-01
1     17000000       84999994       2.93265104293823242E-01       5.79680246681093303E-01
2     17000000       84999994       2.43704080581665039E-01       6.97567261057958188E-01
1     18000000       89999994       3.30558776855468750E-01       5.44532472295243153E-01
2     18000000       89999994       2.79683113098144531E-01       6.43585470735358989E-01
1     19000000       94999994       3.68100881576538086E-01       5.16162817068651636E-01
2     19000000       94999994       3.01040887832641602E-01       6.31143461500908054E-01
1     20000000       99999994       3.44555854797363281E-01       5.80457377854229128E-01
2     20000000       99999994       2.77812004089355469E-01       7.19911253135310902E-01
