% whichone  n            nnz       timetaken        gflop/sec
1      1000000       28999790       1.14185094833374023E-01       5.07943528747220374E-01
2      1000000       28999790       8.48262310028076172E-02       6.83745809690404660E-01
1      2000000       57999790       2.29562044143676758E-01       5.05308185561368139E-01
2      2000000       57999790       1.69790983200073242E-01       6.83190460492898333E-01
1      3000000       86999790       3.40181112289428711E-01       5.11491007919216423E-01
2      3000000       86999790       2.59361028671264648E-01       6.70877891298547024E-01
1      4000000      115999790       4.65697050094604492E-01       4.98177044395858248E-01
2      4000000      115999790       3.45077037811279297E-01       6.72312424702333544E-01
1      5000000      144999790       5.81085205078125000E-01       4.99065502727797983E-01
2      5000000      144999790       4.19533967971801758E-01       6.91242192859796822E-01
1      6000000      173999790       6.63067817687988281E-01       5.24832559682083644E-01
2      6000000      173999790       5.13602018356323242E-01       6.77566612985090133E-01
1      7000000      202999790       8.07913064956665039E-01       5.02528796240938491E-01
2      7000000      202999790       6.04238033294677734E-01       6.71919934907507233E-01
1      8000000      231999790       1.99621200561523438E+00       2.32440030765667549E-01
2      8000000      231999790       1.18913578987121582E+00       3.90198986484337040E-01
1      9000000      260999790       1.74952411651611328E+00       2.98366610138233179E-01
2      9000000      260999790       9.47728872299194336E-01       5.50789994118915827E-01
1     10000000      289999790       1.85088586807250977E+00       3.13363233252196505E-01
2     10000000      289999790       1.02936601638793945E+00       5.63453203978141026E-01
1     11000000      318999790       2.06805729866027832E+00       3.08501887454137091E-01
2     11000000      318999790       1.08235216140747070E+00       5.89456558362998262E-01
1     12000000      347999790       1.16586613655090332E+00       5.96980698023397593E-01
2     12000000      347999790       6.60858154296875000E-01       1.05317544389009465E+00
1     13000000      376999790       1.26402783393859863E+00       5.96505519700942122E-01
2     13000000      376999790       7.15168714523315430E-01       1.05429609082182330E+00
1     14000000      405999790       1.36356782913208008E+00       5.95496287498102017E-01
2     14000000      405999790       7.69260168075561523E-01       1.05555911211594200E+00
1     15000000      434999790       1.45688509941101074E+00       5.97164169193386218E-01
2     15000000      434999790       8.23297977447509766E-01       1.05672503010062102E+00
1     16000000      463999790       1.56280398368835449E+00       5.93804206852506011E-01
2     16000000      463999790       8.89271020889282227E-01       1.04355090653014737E+00
1     17000000      492999790       1.65486097335815430E+00       5.95820190259937044E-01
2     17000000      492999790       9.35653686523437500E-01       1.05380825641122655E+00
1     18000000      521999790       1.75961303710937500E+00       5.93312028259942115E-01
2     18000000      521999790       1.00014710426330566E+00       1.04384602579937047E+00
1     19000000      550999790       1.86622095108032227E+00       5.90497914709441019E-01
2     19000000      550999790       1.06034302711486816E+00       1.03928592146116805E+00
1     20000000      579999790       1.95571184158325195E+00       5.93134200721983196E-01
2     20000000      579999790       1.10525417327880859E+00       1.04953196110428215E+00
