% whichone  n            nnz       timetaken        gflop/sec
1      1000000       18999910       6.11329078674316406E-02       6.21593529992122029E-01
2      1000000       18999910       3.66241931915283203E-02       1.03756060375931725E+00
1      2000000       37999910       1.22547149658203125E-01       6.20167994212607043E-01
2      2000000       37999910       7.32290744781494141E-02       1.03783668633798376E+00
1      3000000       56999910       1.83987855911254883E-01       6.19605133368079097E-01
2      3000000       56999910       1.12196922302246094E-01       1.01606904771324391E+00
1      4000000       75999910       2.44410753250122070E-01       6.21903160882812278E-01
2      4000000       75999910       1.46538019180297852E-01       1.03727224409238161E+00
1      5000000       94999910       3.05508136749267578E-01       6.21914106844015269E-01
2      5000000       94999910       1.83555841445922852E-01       1.03510636601546469E+00
1      6000000      113999910       3.67171049118041992E-01       6.20963500656339207E-01
2      6000000      113999910       2.19126224517822266E-01       1.04049536061557091E+00
1      7000000      132999910       4.28530931472778320E-01       6.20724900967614679E-01
2      7000000      132999910       2.58656978607177734E-01       1.02838833667802887E+00
1      8000000      151999910       4.89570140838623047E-01       6.20952534971301429E-01
2      8000000      151999910       2.93855905532836914E-01       1.03452002929384590E+00
1      9000000      170999910       5.52802085876464844E-01       6.18665936214334411E-01
2      9000000      170999910       3.30726146697998047E-01       1.03408763841189888E+00
1     10000000      189999910       6.13255023956298828E-01       6.19644039030455951E-01
2     10000000      189999910       3.69695901870727539E-01       1.02787133445930245E+00
1     11000000      208999910       6.73863172531127930E-01       6.20303701165226151E-01
2     11000000      208999910       4.03367042541503906E-01       1.03627658166194991E+00
1     12000000      227999910       7.36263036727905273E-01       6.19343627552662479E-01
2     12000000      227999910       4.38994169235229492E-01       1.03873775998983331E+00
1     13000000      246999910       7.99171686172485352E-01       6.18139792171490843E-01
2     13000000      246999910       4.84308004379272461E-01       1.02001167755455402E+00
1     14000000      265999910       8.66497039794921875E-01       6.13966113636015498E-01
2     14000000      265999910       5.27125120162963867E-01       1.00924770922609253E+00
1     15000000      284999910       1.24002099037170410E+00       4.59669493037484000E-01
2     15000000      284999910       7.84833908081054688E-01       7.26268085681553655E-01
1     16000000      303999910       1.00694608688354492E+00       6.03805732918366589E-01
2     16000000      303999910       6.01665973663330078E-01       1.01052718055186919E+00
1     17000000      322999910       1.07056307792663574E+00       6.03420604838260211E-01
2     17000000      322999910       6.32422924041748047E-01       1.02146806423695624E+00
1     18000000      341999910       1.13483023643493652E+00       6.02733164872996330E-01
2     18000000      341999910       6.74914598464965820E-01       1.01346129059246581E+00
1     19000000      360999910       1.19644379615783691E+00       6.03454857067730277E-01
2     19000000      360999910       7.06904172897338867E-01       1.02135458762506626E+00
1     20000000      379999910       1.26040101051330566E+00       6.02982553695736612E-01
2     20000000      379999910       7.52501964569091797E-01       1.00996390146994730E+00
