% whichone  n            nnz       timetaken        gflop/sec
1      1000000        8999980       3.32798957824707031E-02       5.40865876433453296E-01
2      1000000        8999980       2.44739055633544922E-02       7.35475584532444993E-01
1      2000000       17999980       6.59649372100830078E-02       5.45743868221211126E-01
2      2000000       17999980       4.93938922882080078E-02       7.28834241082766621E-01
1      3000000       26999980       1.02939844131469727E-01       5.24577829465468271E-01
2      3000000       26999980       7.75349140167236328E-02       6.96459919828539054E-01
1      4000000       35999980       1.42508983612060547E-01       5.05231025968152614E-01
2      4000000       35999980       1.07558250427246094E-01       6.69404343358130260E-01
1      5000000       44999980       1.79347038269042969E-01       5.01820163124125918E-01
2      5000000       44999980       1.37542009353637695E-01       6.54345246393768010E-01
1      6000000       53999980       2.16388940811157227E-01       4.99101107455633075E-01
2      6000000       53999980       1.67520999908447266E-01       6.44695053509850124E-01
1      7000000       62999980       2.55895137786865234E-01       4.92389035171685141E-01
2      7000000       62999980       1.95227861404418945E-01       6.45399478812033967E-01
1      8000000       71999980       2.92948961257934570E-01       4.91553065700108371E-01
2      8000000       71999980       2.25650072097778320E-01       6.38156055795994548E-01
1      9000000       80999980       3.20718765258789063E-01       5.05115314563155282E-01
2      9000000       80999980       2.40319967269897461E-01       6.74101123765807664E-01
1     10000000       89999980       3.44266891479492188E-01       5.22850045865425717E-01
2     10000000       89999980       2.68023967742919922E-01       6.71581580989989102E-01
1     11000000       98999980       3.75828981399536133E-01       5.26835262311796781E-01
2     11000000       98999980       3.06107997894287109E-01       6.46830404177738294E-01
1     12000000      107999980       4.34756755828857422E-01       4.96829450270874440E-01
2     12000000      107999980       3.34038019180297852E-01       6.46632860924173714E-01
1     13000000      116999980       4.76369857788085938E-01       4.91214874691117298E-01
2     13000000      116999980       3.67446184158325195E-01       6.36827840615631802E-01
1     14000000      125999980       5.18182754516601563E-01       4.86314833528344370E-01
2     14000000      125999980       4.00578022003173828E-01       6.29090829146895625E-01
1     15000000      134999980       5.75239896774291992E-01       4.69369321415375407E-01
2     15000000      134999980       4.95476961135864258E-01       5.44929393651390370E-01
1     16000000      143999980       1.02617979049682617E+00       2.80652535420293614E-01
2     16000000      143999980       6.97598218917846680E-01       4.12845033415884632E-01
1     17000000      152999980       9.45933818817138672E-01       3.23489819174288151E-01
2     17000000      152999980       7.00265884399414063E-01       4.36976820971997137E-01
1     18000000      161999980       1.02580809593200684E+00       3.15848511319875125E-01
2     18000000      161999980       7.08453178405761719E-01       4.57334330448061432E-01
1     19000000      170999980       1.06238603591918945E+00       3.21916844195055230E-01
2     19000000      170999980       7.29000091552734375E-01       4.69135688682229046E-01
1     20000000      179999980       1.12464976310729980E+00       3.20099618396179231E-01
2     20000000      179999980       7.81450986862182617E-01       4.60681432428071025E-01
